5323501
4866192
41269165
41306334
41306842
41306843
97105201
99473102
500321395
500368383
500368384
500388194
500389335
504058049
504136913
504167607
504210544
504220392
504220394
504224654
504233256
504244292
504273825
504274375
504274377
504282512
504287117
504289404
504299753
504299754
504307822
504310687
504310689
504312938
504319653
5000185257
5006232711
5006232911
5006234917
5010411611
5010430908
5801204259
5801204260
5801212852
5801213166
5801373071
5801393554
5801468494
5801497353
5801545072
5801554869
5801556318
5801558598
5801560909
5801561429
5801564399
5801579256
5801609752
5801617195
5801652427
5801698901
5801703425
5801703448
5801708396
5801725777
5801728778
5801805082
5801805083
5801822094
5801864998
5801868150
5801895933
5801905733
5801916966
5801981088
5802003682
5802018009
5802092070
5802092071
5802105103
5802116810
5802116862
5802116863
5802129168
5802188832
5802198969
5802220041
5802221543
5802233030
5802240465
5802285367
5802299611
5802299612
5802299613
5802299614
5802312895
5802314019
5802330757
5802361086
5802361089
5802425251
5802441303
5802443096
5802450985
5802455898
5802456689
5802457070
5802466737
5802527548
5802549310
5802561818
5802576594
5802709305
5802709593
5802740686
5802750480
5802751109
5802756058
5802756059
5802786993
5802794582
5802794583
5802797984
5802811024
5802814169
5802818524
5802823093
5802826441
5802829320
5802830054
5802836368
5802838094
5802842919
5802846227
5802855059
5802858695
5802859880
5802872106
5802872180
5802872220
5802872340
5802872392
5802872537
5802872612
5802874608
5802876435
5802876437
5802877623
5802882901
5802892556
5802904098
5802905033
5802906229
5802906395
5802911482
5802918759
5802918827
5802918829
5802921686
5802923825
5802927082
5802928047
5802933998
5802942578
5802951722
5802964463
5802965429
5802969107
5802973872
5802988065
5802988230
5802988248
5802989199
5802990948
5802992864
5802996910
5803002162
5803002164
5803002165
5803002167
5803002168
5803003170
5803003171
5803003172
5803003422
5803005922
5803008037
5803015332
5803016555
5803016556
5803016566
5803016769
5803021748
5803032171
5803033193
5803034332
5803045282
5803045283
5803046586
5803047549
5803052895
5803053825
5803053826
5803069460
5803072758
5803075769
5803075770
5803075815
5803080035
5803080192
5803083598
5803083599
5803085547
5803085570
5803085574
5803085577
5803094233
5803094263
5803113580
5803113581
5803130448
5803175936
5803205762
5803248910
5803248912
5803291880
5831437600
5801776506
5802083956
5802083957
5802287424
5802321166
5802385092
5802385093
5802434949
5802449813
5802449815
5802450090
5802460886
5802486737
5802511032
5802712151
5802715337
5802715338
5802715339
5802715340
5802715341
5802733667
5802737504
5802747631
5802750127
5802755441
5802770536
5802771689
5802782818
5802783186
5802811343
5802811346
5802844081
5802844547
5802844548
5802847194
5802865558
5802885466
5802899114
5802899115
5802905097
5802909841
5802909842
5802909843
5802910309
5802921130
5802928905
5802929008
5802935321
5802937092
5802938518
5802950404
5802964463
5802964468
5802970922
5802983553
5802983556
5802983557
5802983561
5802986721
5802997648
5803009709
5803010428
5803013134
5803013135
5803013727
5803013739
5803016310
5803022401
5803025004
5803025009
5803025025
5803029870
5803030394
5803031134
5803033471
5803034036
5803034037
5803034455
5803034843
5803034844
5803035073
5803035076
5803037312
5803037350
5803037353
5803039191
5803039192
5803039996
5803040159
5803042310
5803042311
5803042413
5803043084
5803046361
5803046362
5803046364
5803046379
5803046380
5803046382
5803046383
5803048619
5803049191
5803049199
5803049202
5803049262
5803049263
5803052970
5803058027
5803059137
5803060398
5803063447
5803065240
5803065241
5803067307
5803068128
5803070073
5803070285
5803071643
5803072255
5803072256
5803073241
5803085496
5803085497
5803090586
5803092149
5803101902
5803246395
8010002009MO
E504167607
E5802767777
E5802827943
E5803080457