47435145
47627012
47646456
47646608
47682077
47777494
47777514
47835769
47948975
47960984
47978635
51417952
51417957
51461668
51492300
51512253
51524327
51587648
51611683
51663895
82032586
84151073
84278885
84491644
87302174
87612108
87685907
90325173
90333348
90348397
90370124
90378380
90379553
90381190
90385266
90386858
90388724
90390354
90419730
90419802
90422895
90428384
90447308
90450384
90450417
90460027
90464020
90470032
90470757
90474677
90479387
90490636
90494679
90494734
90498492
90513271
91714171
91751158
91751160
91766578
91774978
91790535
91790536
91790537
91790538
91795143
91807918
918309371
